              precision    recall  f1-score   support

     Klasa 0     0.9969    0.9492    0.9724      1338
     Klasa 1     0.9603    1.0000    0.9798       847
     Klasa 2     0.8346    0.9381    0.8833       339
     Klasa 3     0.9695    0.9527    0.9610       634
     Klasa 4     0.9931    0.9729    0.9829      1035
     Klasa 5     0.7870    0.8615    0.8226       592
     Klasa 6     0.9467    0.9582    0.9524       741
     Klasa 7     0.8501    0.7411    0.7919       421
     Klasa 8     0.9629    0.9692    0.9660      1233

    accuracy                         0.9433      7180
   macro avg     0.9224    0.9270    0.9236      7180
weighted avg     0.9450    0.9433    0.9435      7180
